model,brand,company,year,price,engine,horsepower,fuelcons,clearance,trunk,body,country,quantity,body1,body2,body3,body4,russia,price_adj,tariff,comp_id,share,sumshare,logshare,comp1,comp2,comp3,comp4,comp5,comp6,comp7,comp8,comp9,engine_yr,engine_fm,engine_iv,horsepower_yr,horsepower_fm,horsepower_iv,fuelcons_yr,fuelcons_fm,fuelcons_iv,clearance_yr,clearance_fm,clearance_iv,trunk_yr,trunk_fm,trunk_iv,brand_id,delta0,el,id,tilde_share,tilde_price,share1,share2,share3,share4,share5,share6,share7,share8,share9,share10,share11,share12,share13,share14,share15,share16,share17,share18,share19,share20,share21,share22,share23,share24,share25,delta1,delta2,delta3,delta4,delta5,delta6,delta7,delta8,delta9,delta10,delta11,delta12,delta13,delta14,delta15,delta16,delta17,delta18,delta19,delta20,delta21,delta22,delta23,delta24,delta25,markup,mc,margins,counter_tariff
Focus,Ford,Ford Motor Company,2013,629000,1.6,85,5.9,150,277,hatchback,Russia,67142,0,1,0,0,1,629000,0,1,.0067142001,.1418948,-4.850502,1,0,0,0,0,0,0,0,0,39.799999,2.3841858e-08,36.599998,2497,0,2327,182.5,9.5367433e-08,170.7,3703,0,3403,11003,0,10449,4,-5.5817113,2.0196056,1,.0067142001,629000,.0067142001,.0054366998,.0053344001,.0028897999,.0042039999,.0113991,.0031705999,.0034981,.0089787999,.0033451,.0051692999,.0166947,.0067960001,.0057640998,.0057687,.0040098,.0040739002,.0083702002,.0050893999,.0043736999,.0032895,.0030644001,.0039885002,.0032152999,.0072565,2.1558085e-08,0,0,0,0,0,0,0,0,0,0,0,0,0,0,0,0,0,0,0,0,0,0,0,0,311446.97,317553.03,.49514621,0
Cruze,Chevrolet,General Motors,2013,913000,1.6,109,7.3,140,450,sedan,Russia,54367,0,0,1,0,1,913000,0,2,.0054366998,.1418948,-5.0615544,0,1,0,0,0,0,0,0,0,39.799999,4.8000002,31.799999,2497,275,2004,182.5,26,141.89999,3703,423,3000,11003,1310,8793,1,-5.6113567,2.9352486,2,.0054366998,913000,.0067142001,.0054366998,.0053344001,.0028897999,.0042039999,.0113991,.0031705999,.0034981,.0089787999,.0033451,.0051692999,.0166947,.0067960001,.0057640998,.0057687,.0040098,.0040739002,.0083702002,.0050893999,.0043736999,.0032895,.0030644001,.0039885002,.0032152999,.0072565,0,1.7478714e-08,-9.3748134e-11,-5.0786094e-11,-7.3882185e-11,0,0,0,0,0,0,0,0,0,0,0,0,0,0,0,0,0,0,0,0,314536.09,598463.88,.34450832,0
Niva,Chevrolet,General Motors,2013,519000,1.7,80,10.8,200,320,SUV,Russia,53344,1,0,0,0,1,519000,0,2,.0053344001,.1418948,-5.0805502,0,1,0,0,0,0,0,0,0,39.799999,4.7000003,31.699999,2497,304,2033,182.5,22.5,138.39999,3703,363,2940,11003,1440,8923,1,-5.4813461,1.6687303,3,.0053344001,519000,.0067142001,.0054366998,.0053344001,.0028897999,.0042039999,.0113991,.0031705999,.0034981,.0089787999,.0033451,.0051692999,.0166947,.0067960001,.0057640998,.0057687,.0040098,.0040739002,.0083702002,.0050893999,.0043736999,.0032895,.0030644001,.0039885002,.0032152999,.0072565,0,-9.3748134e-11,1.7151589e-08,-4.9830477e-11,-7.2491978e-11,0,0,0,0,0,0,0,0,0,0,0,0,0,0,0,0,0,0,0,0,314536.09,204463.91,.60604256,0
Nexia,Daewoo,General Motors,2013,450000,1.5,80,8.1,158,530,sedan,Uzbek,28898,0,0,1,0,0,450000,.25,2,.0028897999,.1418948,-5.6935396,0,1,0,0,0,0,0,0,0,39.799999,4.9000001,31.9,2497,304,2033,182.5,25.199999,141.10001,3703,405,2982,11003,1230,8713,2,-5.0369363,1.4504319,4,.00231184,360000,.0067142001,.0054366998,.0053344001,.0028897999,.0042039999,.0113991,.0031705999,.0034981,.0089787999,.0033451,.0051692999,.0166947,.0067960001,.0057640998,.0057687,.0040098,.0040739002,.0083702002,.0050893999,.0043736999,.0032895,.0030644001,.0039885002,.0032152999,.0072565,0,-5.0786094e-11,-4.9830477e-11,9.3143511e-09,-3.9271017e-11,0,0,0,0,0,0,0,0,0,0,0,0,0,0,0,0,0,0,0,0,252664.94,107335.06,.56147766,.30000001
Astra,Opel,General Motors,2013,724900,1.6,115,7.1,65,460,sedan,?,42040,0,0,1,0,0,724900,.25,2,.0042039999,.1418948,-5.3186903,0,1,0,0,0,0,0,0,0,39.799999,4.8000002,31.799999,2497,269,1998,182.5,26.199999,142.10001,3703,498,3075,11003,1300,8783,11,-5.0798645,2.3334053,5,.0033632,579920,.0067142001,.0054366998,.0053344001,.0028897999,.0042039999,.0113991,.0031705999,.0034981,.0089787999,.0033451,.0051692999,.0166947,.0067960001,.0057640998,.0057687,.0040098,.0040739002,.0083702002,.0050893999,.0043736999,.0032895,.0030644001,.0039885002,.0032152999,.0072565,0,-7.3882185e-11,-7.2491978e-11,-3.9271017e-11,1.3532397e-08,0,0,0,0,0,0,0,0,0,0,0,0,0,0,0,0,0,0,0,0,252664.94,327255.06,.34855145,.30000001
Solaris,Hyundai,Hyundai Motor,2013,459000,1.4,107,5.9,160,454,sedan,Russia,113991,0,0,1,0,1,459000,0,4,.0113991,.1418948,-4.3211923,0,0,1,0,0,0,0,0,0,39.799999,6.7999997,30.199999,2497,506,1777,182.5,28.1,142.60001,3703,557,2826,11003,2035,8060,5,-4.4194427,1.4668151,6,.0113991,459000,.0067142001,.0054366998,.0053344001,.0028897999,.0042039999,.0113991,.0031705999,.0034981,.0089787999,.0033451,.0051692999,.0166947,.0067960001,.0057640998,.0057687,.0040098,.0040739002,.0083702002,.0050893999,.0043736999,.0032895,.0030644001,.0039885002,.0032152999,.0072565,0,0,0,0,0,3.6427824e-08,-1.1682981e-10,-1.2889749e-10,-3.3084954e-10,-1.2325976e-10,0,0,0,0,0,0,0,0,0,0,0,0,0,0,0,318413.41,140586.59,.6937111,0
ix35,Hyundai,Hyundai Motor,2013,1079900,2,149,8.6,75,591,SUV,Slovakia,31706,1,0,0,0,0,1079900,.25,4,.0031705999,.1418948,-5.6008058,0,0,1,0,0,0,0,0,0,39.799999,6.1999998,29.599998,2497,464,1735,182.5,25.4,139.89999,3703,642,2911,11003,1898,7923,5,-5.6850414,3.4797342,7,.0025364798,863920,.0067142001,.0054366998,.0053344001,.0028897999,.0042039999,.0113991,.0031705999,.0034981,.0089787999,.0033451,.0051692999,.0166947,.0067960001,.0057640998,.0057687,.0040098,.0040739002,.0083702002,.0050893999,.0043736999,.0032895,.0030644001,.0039885002,.0032152999,.0072565,0,0,0,0,0,-1.1682981e-10,1.0216543e-08,-3.5852162e-11,-9.2024069e-11,-3.4284058e-11,0,0,0,0,0,0,0,0,0,0,0,0,0,0,0,256542.22,607377.75,.23756109,.30000001
Cee'd,Kia,Hyundai Motor,2013,609900,1.4,100,6.1,150,380,hatchback,?,34981,0,1,0,0,0,609900,.25,4,.0034981,.1418948,-5.5025067,0,0,1,0,0,0,0,0,0,39.799999,6.7999997,30.199999,2497,513,1784,182.5,27.9,142.39999,3703,567,2836,11003,2109,8134,6,-5.4690776,1.9646195,8,.00279848,487920,.0067142001,.0054366998,.0053344001,.0028897999,.0042039999,.0113991,.0031705999,.0034981,.0089787999,.0033451,.0051692999,.0166947,.0067960001,.0057640998,.0057687,.0040098,.0040739002,.0083702002,.0050893999,.0043736999,.0032895,.0030644001,.0039885002,.0032152999,.0072565,0,0,0,0,0,-1.2889749e-10,-3.5852162e-11,1.1268135e-08,-1.0152949e-10,-3.7825354e-11,0,0,0,0,0,0,0,0,0,0,0,0,0,0,0,256542.23,231377.77,.42063001,.30000001
Rio,Kia,Hyundai Motor,2013,499000,1.4,107,5.9,160,500,sedan,Russia,89788,0,0,1,0,1,499000,0,4,.0089787999,.1418948,-4.5598602,0,0,1,0,0,0,0,0,0,39.799999,6.7999997,30.199999,2497,506,1777,182.5,28.1,142.60001,3703,557,2826,11003,1989,8014,6,-4.4794579,1.5985461,9,.0089787999,499000,.0067142001,.0054366998,.0053344001,.0028897999,.0042039999,.0113991,.0031705999,.0034981,.0089787999,.0033451,.0051692999,.0166947,.0067960001,.0057640998,.0057687,.0040098,.0040739002,.0083702002,.0050893999,.0043736999,.0032895,.0030644001,.0039885002,.0032152999,.0072565,0,0,0,0,0,-3.3084954e-10,-9.2024069e-11,-1.0152949e-10,2.8763578e-08,-9.7088788e-11,0,0,0,0,0,0,0,0,0,0,0,0,0,0,0,318413.41,180586.59,.63810301,0
Sportage,Kia,Hyundai Motor,2013,889900,2,150,7.5,172,564,SUV,foreign,33451,1,0,0,0,0,889900,.25,4,.0033451,.1418948,-5.5472302,0,0,1,0,0,0,0,0,0,39.799999,6.1999998,29.599998,2497,463,1734,182.5,26.5,141,3703,545,2814,11003,1925,7950,6,-4.9950018,2.8670001,10,.00267608,711920,.0067142001,.0054366998,.0053344001,.0028897999,.0042039999,.0113991,.0031705999,.0034981,.0089787999,.0033451,.0051692999,.0166947,.0067960001,.0057640998,.0057687,.0040098,.0040739002,.0083702002,.0050893999,.0043736999,.0032895,.0030644001,.0039885002,.0032152999,.0072565,0,0,0,0,0,-1.2325976e-10,-3.4284058e-11,-3.7825354e-11,-9.7088788e-11,1.0776943e-08,0,0,0,0,0,0,0,0,0,0,0,0,0,0,0,256542.23,455377.75,.2882821,.30000001
4x4,Lada,Renault Group,2013,351500,1.7,83,9.9,205,265,SUV,Russia,51693,1,0,0,0,1,351500,0,7,.0051692999,.1418948,-5.1119895,0,0,0,0,0,1,0,0,0,39.799999,14,22.4,2497,797,1534,182.5,65.400002,97.299995,3703,1495,1798,11003,3910,6563,7,-5.350688,1.1303585,11,.0051692999,351500,.0067142001,.0054366998,.0053344001,.0028897999,.0042039999,.0113991,.0031705999,.0034981,.0089787999,.0033451,.0051692999,.0166947,.0067960001,.0057640998,.0057687,.0040098,.0040739002,.0083702002,.0050893999,.0043736999,.0032895,.0030644001,.0039885002,.0032152999,.0072565,0,0,0,0,0,0,0,0,0,0,1.6623504e-08,-2.7896649e-10,-1.1356037e-10,-9.6317433e-11,-9.6394302e-11,-6.7003292e-11,-6.8074393e-11,-1.3986506e-10,-8.5043278e-11,-7.3084011e-11,0,0,0,0,0,330985.16,20514.844,.94163626,0
Granta,Lada,Renault Group,2013,289000,1.6,82,7.4,160,520,sedan,Russia,166947,0,0,1,0,1,289000,0,7,.0166947,.1418948,-3.9396353,0,0,0,0,0,1,0,0,0,39.799999,14.099999,22.5,2497,798,1535,182.5,67.900002,99.799995,3703,1540,1843,11003,3655,6308,7,-4.7846932,.91860312,12,.0166947,289000,.0067142001,.0054366998,.0053344001,.0028897999,.0042039999,.0113991,.0031705999,.0034981,.0089787999,.0033451,.0051692999,.0166947,.0067960001,.0057640998,.0057687,.0040098,.0040739002,.0083702002,.0050893999,.0043736999,.0032895,.0030644001,.0039885002,.0032152999,.0072565,0,0,0,0,0,0,0,0,0,0,-2.7896649e-10,5.3065065e-08,-3.6675302e-10,-3.1106548e-10,-3.1131372e-10,-2.1639290e-10,-2.1985214e-10,-4.5170631e-10,-2.7465460e-10,-2.3603114e-10,0,0,0,0,0,330985.13,-41985.125,1.1452773,0
Kalina,Lada,Renault Group,2013,334500,1.6,87,7,145,355,universal,Russia,67960,0,0,0,1,1,334500,0,7,.0067960001,.1418948,-4.8383923,0,0,0,0,0,1,0,0,0,39.799999,14.099999,22.5,2497,793,1530,182.5,68.300003,100.2,3703,1555,1858,11003,3820,6473,7,-5.0359378,1.0739307,13,.0067960001,334500,.0067142001,.0054366998,.0053344001,.0028897999,.0042039999,.0113991,.0031705999,.0034981,.0089787999,.0033451,.0051692999,.0166947,.0067960001,.0057640998,.0057687,.0040098,.0040739002,.0083702002,.0050893999,.0043736999,.0032895,.0030644001,.0039885002,.0032152999,.0072565,0,0,0,0,0,0,0,0,0,0,-1.1356037e-10,-3.6675302e-10,2.1818934e-08,-1.2662707e-10,-1.2672813e-10,-8.8088210e-11,-8.9496376e-11,-1.8387848e-10,-1.1180511e-10,-9.6082441e-11,0,0,0,0,0,330985.13,3514.875,.98949218,0
Largus,Lada,Renault Group,2013,444000,1.6,84,8.199999999999999,145,560,universal,Russia,57641,0,0,0,1,1,444000,0,7,.0057640998,.1418948,-5.0030775,0,0,0,0,0,1,0,0,0,39.799999,14.099999,22.5,2497,796,1533,182.5,67.100006,99,3703,1555,1858,11003,3615,6268,7,-5.1611876,1.4269675,14,.0057640998,444000,.0067142001,.0054366998,.0053344001,.0028897999,.0042039999,.0113991,.0031705999,.0034981,.0089787999,.0033451,.0051692999,.0166947,.0067960001,.0057640998,.0057687,.0040098,.0040739002,.0083702002,.0050893999,.0043736999,.0032895,.0030644001,.0039885002,.0032152999,.0072565,0,0,0,0,0,0,0,0,0,0,-9.6317433e-11,-3.1106548e-10,-1.2662707e-10,1.8525188e-08,-1.0748581e-10,-7.4712951e-11,-7.5907301e-11,-1.5595848e-10,-9.4828687e-11,-8.1493347e-11,0,0,0,0,0,330985.13,113014.88,.745462,0
Priora,Lada,Renault Group,2013,449000,1.6,98,7.2,165,430,sedan,Russia,57687,0,0,1,0,1,449000,0,7,.0057687,.1418948,-5.0022798,0,0,0,0,0,1,0,0,0,39.799999,14.099999,22.5,2497,782,1519,182.5,68.100006,100,3703,1535,1838,11003,3745,6398,7,-4.9020867,1.4430304,15,.0057687,449000,.0067142001,.0054366998,.0053344001,.0028897999,.0042039999,.0113991,.0031705999,.0034981,.0089787999,.0033451,.0051692999,.0166947,.0067960001,.0057640998,.0057687,.0040098,.0040739002,.0083702002,.0050893999,.0043736999,.0032895,.0030644001,.0039885002,.0032152999,.0072565,0,0,0,0,0,0,0,0,0,0,-9.6394302e-11,-3.1131372e-10,-1.2672813e-10,-1.0748581e-10,1.8539886e-08,-7.4772577e-11,-7.5967885e-11,-1.5608295e-10,-9.4904369e-11,-8.1558385e-11,0,0,0,0,0,330985.16,118014.84,.73716068,0
Samara,Lada,Renault Group,2013,285000,1.6,80,7.6,165,330,sedan,Russia,40098,0,0,1,0,1,285000,0,7,.0040098,.1418948,-5.3659854,0,0,0,0,0,1,0,0,0,39.799999,14.099999,22.5,2497,800,1537,182.5,67.700005,99.599998,3703,1535,1838,11003,3845,6498,7,-5.1160679,.91757506,16,.0040098,285000,.0067142001,.0054366998,.0053344001,.0028897999,.0042039999,.0113991,.0031705999,.0034981,.0089787999,.0033451,.0051692999,.0166947,.0067960001,.0057640998,.0057687,.0040098,.0040739002,.0083702002,.0050893999,.0043736999,.0032895,.0030644001,.0039885002,.0032152999,.0072565,0,0,0,0,0,0,0,0,0,0,-6.7003292e-11,-2.1639290e-10,-8.8088210e-11,-7.4712951e-11,-7.4772577e-11,1.2909799e-08,-5.2804969e-11,-1.0849263e-10,-6.5967641e-11,-5.6690902e-11,0,0,0,0,0,330985.16,-45985.156,1.1613514,0
Qashqai,Nissan,Renault Group,2013,849000,1.6,114,6.6,200,410,SUV,GB,40739,1,0,0,0,0,849000,.25,7,.0040739002,.1418948,-5.3501258,0,0,0,0,0,1,0,0,0,39.799999,14.099999,22.5,2497,766,1503,182.5,68.700005,100.6,3703,1500,1803,11003,3765,6418,10,-5.8749795,2.733232,17,.00325912,679200,.0067142001,.0054366998,.0053344001,.0028897999,.0042039999,.0113991,.0031705999,.0034981,.0089787999,.0033451,.0051692999,.0166947,.0067960001,.0057640998,.0057687,.0040098,.0040739002,.0083702002,.0050893999,.0043736999,.0032895,.0030644001,.0039885002,.0032152999,.0072565,0,0,0,0,0,0,0,0,0,0,-6.8074393e-11,-2.1985214e-10,-8.9496376e-11,-7.5907301e-11,-7.5967885e-11,-5.2804969e-11,1.3115328e-08,-1.1022698e-10,-6.7022193e-11,-5.7597156e-11,0,0,0,0,0,269113.97,410086.03,.31697759,.30000001
Duster,Renault,Renault Group,2013,584000,1.6,102,7.6,205,475,SUV,Russia,83702,1,0,0,0,1,584000,0,7,.0083702002,.1418948,-4.6300488,0,0,0,0,0,1,0,0,0,39.799999,14.099999,22.5,2497,778,1515,182.5,67.700005,99.599998,3703,1495,1798,11003,3700,6353,12,-5.0888271,1.8719925,18,.0083702002,584000,.0067142001,.0054366998,.0053344001,.0028897999,.0042039999,.0113991,.0031705999,.0034981,.0089787999,.0033451,.0051692999,.0166947,.0067960001,.0057640998,.0057687,.0040098,.0040739002,.0083702002,.0050893999,.0043736999,.0032895,.0030644001,.0039885002,.0032152999,.0072565,0,0,0,0,0,0,0,0,0,0,-1.3986506e-10,-4.5170631e-10,-1.8387848e-10,-1.5595848e-10,-1.5608295e-10,-1.0849263e-10,-1.1022698e-10,2.6830397e-08,-1.3770322e-10,-1.1833862e-10,0,0,0,0,0,330985.13,253014.88,.56675535,0
Logan,Renault,Renault Group,2013,409000,1.4,75,6.9,155,510,sedan,Russia,50894,0,0,1,0,1,409000,0,7,.0050893999,.1418948,-5.1275668,0,0,0,0,0,1,0,0,0,39.799999,14.3,22.699999,2497,805,1542,182.5,68.400002,100.3,3703,1545,1848,11003,3665,6318,12,-5.2308159,1.3153734,19,.0050893999,409000,.0067142001,.0054366998,.0053344001,.0028897999,.0042039999,.0113991,.0031705999,.0034981,.0089787999,.0033451,.0051692999,.0166947,.0067960001,.0057640998,.0057687,.0040098,.0040739002,.0083702002,.0050893999,.0043736999,.0032895,.0030644001,.0039885002,.0032152999,.0072565,0,0,0,0,0,0,0,0,0,0,-8.5043278e-11,-2.7465460e-10,-1.1180511e-10,-9.4828687e-11,-9.4904369e-11,-6.5967641e-11,-6.7022193e-11,-1.3770322e-10,1.6367876e-08,-7.1954380e-11,0,0,0,0,0,330985.13,78014.875,.80925459,0
Sandero,Renault,Renault Group,2013,380000,1.4,75,6.9,155,320,hatchback,Russia,43737,0,1,0,0,1,380000,0,7,.0043736999,.1418948,-5.2791176,0,0,0,0,0,1,0,0,0,39.799999,14.3,22.699999,2497,805,1542,182.5,68.400002,100.3,3703,1545,1848,11003,3855,6508,12,-5.4232526,1.2229865,20,.0043736999,380000,.0067142001,.0054366998,.0053344001,.0028897999,.0042039999,.0113991,.0031705999,.0034981,.0089787999,.0033451,.0051692999,.0166947,.0067960001,.0057640998,.0057687,.0040098,.0040739002,.0083702002,.0050893999,.0043736999,.0032895,.0030644001,.0039885002,.0032152999,.0072565,0,0,0,0,0,0,0,0,0,0,-7.3084011e-11,-2.3603114e-10,-9.6082441e-11,-8.1493347e-11,-8.1558385e-11,-5.6690902e-11,-5.7597156e-11,-1.1833862e-10,-7.1954380e-11,1.4076252e-08,0,0,0,0,0,330985.13,49014.875,.87101346,0
Camry,Toyota,Toyota Group,2013,969000,2,148,8.300000000000001,160,506,sedan,Russia,32895,0,0,1,0,1,969000,0,9,.0032895,.1418948,-5.5639911,0,0,0,0,0,0,1,0,0,39.799999,3.3000002,32.5,2497,247,1954,182.5,13.2,152.7,3703,247,3136,11003,956,9035,14,-4.6267867,3.1220114,21,.0032895,969000,.0067142001,.0054366998,.0053344001,.0028897999,.0042039999,.0113991,.0031705999,.0034981,.0089787999,.0033451,.0051692999,.0166947,.0067960001,.0057640998,.0057687,.0040098,.0040739002,.0083702002,.0050893999,.0043736999,.0032895,.0030644001,.0039885002,.0032152999,.0072565,0,0,0,0,0,0,0,0,0,0,0,0,0,0,0,0,0,0,0,0,1.0598407e-08,-3.2584949e-11,-4.2411262e-11,0,0,312147.81,656852.19,.32213396,0
Corolla,Toyota,Toyota Group,2013,642000,1.3,101,5.8,150,450,sedan,Japan,30644,0,0,1,0,0,642000,.25,9,.0030644001,.1418948,-5.6348748,0,0,0,0,0,0,1,0,0,39.799999,4,33.200001,2497,294,2001,182.5,15.7,155.2,3703,257,3146,11003,1012,9091,14,-4.7698293,2.0689206,22,.0024515199,513600,.0067142001,.0054366998,.0053344001,.0028897999,.0042039999,.0113991,.0031705999,.0034981,.0089787999,.0033451,.0051692999,.0166947,.0067960001,.0057640998,.0057687,.0040098,.0040739002,.0083702002,.0050893999,.0043736999,.0032895,.0030644001,.0039885002,.0032152999,.0072565,0,0,0,0,0,0,0,0,0,0,0,0,0,0,0,0,0,0,0,0,-3.2584949e-11,9.8753903e-09,-3.9509066e-11,0,0,250276.64,263323.38,.38983899,.30000001
Rav 4,Toyota,Toyota Group,2013,1052000,2,146,7.4,97,506,SUV,Japan,39885,1,0,0,0,0,1052000,.25,9,.0039885002,.1418948,-5.3713112,0,0,0,0,0,0,1,0,0,39.799999,3.3000002,32.5,2497,249,1956,182.5,14.1,153.60001,3703,310,3199,11003,956,9035,14,-5.2525163,3.3870513,23,.0031908001,841600,.0067142001,.0054366998,.0053344001,.0028897999,.0042039999,.0113991,.0031705999,.0034981,.0089787999,.0033451,.0051692999,.0166947,.0067960001,.0057640998,.0057687,.0040098,.0040739002,.0083702002,.0050893999,.0043736999,.0032895,.0030644001,.0039885002,.0032152999,.0072565,0,0,0,0,0,0,0,0,0,0,0,0,0,0,0,0,0,0,0,0,-4.2411262e-11,-3.9509066e-11,1.2841497e-08,0,0,250276.66,591323.38,.23790556,.30000001
Octavia a5,Skoda,Volkswagen AG,2013,574000,1.4,80,7,164,560,hatchback,?,32153,0,1,0,0,0,574000,.25,11,.0032152999,.1418948,-5.5868063,0,0,0,0,0,0,0,0,1,39.799999,1.1999999,35.799999,2497,60,2277,182.5,5.5,163,3703,2,3373,11003,280,9603,13,-5.5013995,1.8495026,24,.0025722398,459200,.0067142001,.0054366998,.0053344001,.0028897999,.0042039999,.0113991,.0031705999,.0034981,.0089787999,.0033451,.0051692999,.0166947,.0067960001,.0057640998,.0057687,.0040098,.0040739002,.0083702002,.0050893999,.0043736999,.0032895,.0030644001,.0039885002,.0032152999,.0072565,0,0,0,0,0,0,0,0,0,0,0,0,0,0,0,0,0,0,0,0,0,0,0,1.0360114e-08,-7.5420670e-11,250103.7,209096.3,.43572074,.30000001
Polo,Volkswagen,Volkswagen AG,2013,525000,1.2,60,5.5,2,280,hatchback,Germany,72565,0,1,0,0,0,525000,.25,11,.0072565,.1418948,-4.7728291,0,0,0,0,0,0,0,0,1,39.799999,1.3999999,36,2497,80,2297,182.5,7,164.5,3703,164,3535,11003,560,9883,16,-6.4222393,1.68476,25,.0058052,420000,.0067142001,.0054366998,.0053344001,.0028897999,.0042039999,.0113991,.0031705999,.0034981,.0089787999,.0033451,.0051692999,.0166947,.0067960001,.0057640998,.0057687,.0040098,.0040739002,.0083702002,.0050893999,.0043736999,.0032895,.0030644001,.0039885002,.0032152999,.0072565,0,0,0,0,0,0,0,0,0,0,0,0,0,0,0,0,0,0,0,0,0,0,0,-7.5420670e-11,2.3286592e-08,250103.7,169896.3,.47638801,.30000001
Focus,Ford,Ford Motor Company,2014,660000,1.6,105,5.9,150,277,hatchback,Russia,27860,0,1,0,0,1,612244.88,0,1,.002786,.1278999,-5.7462974,1,0,0,0,0,0,0,0,0,40.799999,2.3841858e-08,37.599998,2721,0,2511,180.7,9.5367433e-08,168.89999,4049,0,3749,11403,0,10849,4,-5.0150881,2.1275218,1,.002786,660000,.002786,.002964,.0043441001,.0114644,.0034814,.0029758001,.0093647996,.0030606,.0024953,.0028969001,.0042932001,.015281,.0065608998,.0065155998,.0047817999,.0046224999,.0031709999,.0076138,.0060434001,.0036849,.0034117,.0027703999,.0038918999,.0035292001,.0058952998,8.9807202e-09,0,0,0,0,0,0,0,0,0,0,0,0,0,0,0,0,0,0,0,0,0,0,0,0,310220.13,349779.88,.47003049,0
Cruze,Chevrolet,General Motors,2014,913000,1.6,109,7.3,140,450,sedan,Russia,29640,0,0,1,0,1,846938.75,0,2,.002964,.1278999,-5.6843643,0,1,0,0,0,0,0,0,0,40.799999,1.6999999,35.899998,2721,80,2423,180.7,10.8,155.3,4049,200,3569,11403,320,10183,1,-5.6113567,2.9425464,2,.002964,913000,.002786,.002964,.0043441001,.0114644,.0034814,.0029758001,.0093647996,.0030606,.0024953,.0028969001,.0042932001,.015281,.0065608998,.0065155998,.0047817999,.0046224999,.0031709999,.0076138,.0060434001,.0036849,.0034117,.0027703999,.0038918999,.0035292001,.0058952998,0,9.5528012e-09,-4.1621689e-11,0,0,0,0,0,0,0,0,0,0,0,0,0,0,0,0,0,0,0,0,0,0,311633.28,601366.75,.34132889,0
Niva,Chevrolet,General Motors,2014,519000,1.7,80,10.8,200,320,SUV,Russia,43441,1,0,0,0,1,481447.13,0,2,.0043441001,.1278999,-5.3020854,0,1,0,0,0,0,0,0,0,40.799999,1.5999999,35.799999,2721,109,2452,180.7,7.3000002,151.8,4049,140,3509,11403,450,10313,1,-5.4813461,1.6703917,3,.0043441001,519000,.002786,.002964,.0043441001,.0114644,.0034814,.0029758001,.0093647996,.0030606,.0024953,.0028969001,.0042932001,.015281,.0065608998,.0065155998,.0047817999,.0046224999,.0031709999,.0076138,.0060434001,.0036849,.0034117,.0027703999,.0038918999,.0035292001,.0058952998,0,-4.1621689e-11,1.3981404e-08,0,0,0,0,0,0,0,0,0,0,0,0,0,0,0,0,0,0,0,0,0,0,311633.28,207366.72,.6004495,0
Solaris,Hyundai,Hyundai Motor,2014,593900,1.4,107,5.9,160,470,sedan,Russia,114644,0,0,1,0,1,550927.63,0,4,.0114644,.1278999,-4.3316574,0,0,1,0,0,0,0,0,0,40.799999,6.7999997,31.199999,2721,506,2001,180.7,29.1,139.8,4049,552,3177,11403,2035,8428,5,-4.8314104,1.8977864,4,.0114644,593900,.002786,.002964,.0043441001,.0114644,.0034814,.0029758001,.0093647996,.0030606,.0024953,.0028969001,.0042932001,.015281,.0065608998,.0065155998,.0047817999,.0046224999,.0031709999,.0076138,.0060434001,.0036849,.0034117,.0027703999,.0038918999,.0035292001,.0058952998,0,0,0,3.6634084e-08,-1.2901701e-10,-1.1028001e-10,-3.4704958e-10,-1.1342260e-10,0,0,0,0,0,0,0,0,0,0,0,0,0,0,0,0,0,318430.38,275469.63,.53616834,0
ix35,Hyundai,Hyundai Motor,2014,1079900,2,149,8.6,75,591,SUV,Slovakia,34814,1,0,0,0,0,1001762.5,.25,4,.0034814,.1278999,-5.5234699,0,0,1,0,0,0,0,0,0,40.799999,6.1999998,30.599998,2721,464,1959,180.7,26.4,137.09999,4049,637,3262,11403,1914,8307,5,-5.6850414,3.4786491,5,.0027851199,863920,.002786,.002964,.0043441001,.0114644,.0034814,.0029758001,.0093647996,.0030606,.0024953,.0028969001,.0042932001,.015281,.0065608998,.0065155998,.0047817999,.0046224999,.0031709999,.0076138,.0060434001,.0036849,.0034117,.0027703999,.0038918999,.0035292001,.0058952998,0,0,0,-1.2901701e-10,1.1214528e-08,-3.3488781e-11,-1.0538871e-10,-3.4443098e-11,0,0,0,0,0,0,0,0,0,0,0,0,0,0,0,0,0,256559.2,607360.81,.23757681,.30000001
Cee'd,Kia,Hyundai Motor,2014,609900,1.4,100,6.1,150,380,hatchback,?,29758,0,1,0,0,0,565769.94,.25,4,.0029758001,.1278999,-5.6803913,0,0,1,0,0,0,0,0,0,40.799999,6.7999997,31.199999,2721,513,2008,180.7,28.9,139.59999,4049,562,3187,11403,2125,8518,6,-5.4690776,1.9656492,6,.00238064,487920,.002786,.002964,.0043441001,.0114644,.0034814,.0029758001,.0093647996,.0030606,.0024953,.0028969001,.0042932001,.015281,.0065608998,.0065155998,.0047817999,.0046224999,.0031709999,.0076138,.0060434001,.0036849,.0034117,.0027703999,.0038918999,.0035292001,.0058952998,0,0,0,-1.1028001e-10,-3.3488781e-11,9.5907184e-09,-9.0083226e-11,-2.9440964e-11,0,0,0,0,0,0,0,0,0,0,0,0,0,0,0,0,0,256559.19,231360.81,.42065778,.30000001
Rio,Kia,Hyundai Motor,2014,514900,1.4,107,5.9,160,500,sedan,Russia,93648,0,0,1,0,1,477643.78,0,4,.0093647996,.1278999,-4.533946,0,0,1,0,0,0,0,0,0,40.799999,6.7999997,31.199999,2721,506,2001,180.7,29.1,139.8,4049,552,3177,11403,2005,8398,6,-4.5308547,1.6488394,7,.0093647996,514900,.002786,.002964,.0043441001,.0114644,.0034814,.0029758001,.0093647996,.0030606,.0024953,.0028969001,.0042932001,.015281,.0065608998,.0065155998,.0047817999,.0046224999,.0031709999,.0076138,.0060434001,.0036849,.0034117,.0027703999,.0038918999,.0035292001,.0058952998,0,0,0,-3.4704958e-10,-1.0538871e-10,-9.0083226e-11,2.9988446e-08,-9.2650283e-11,0,0,0,0,0,0,0,0,0,0,0,0,0,0,0,0,0,318430.34,196469.66,.61843145,0
Sportage,Kia,Hyundai Motor,2014,874900,2,150,8.5,167,564,SUV,?,30606,1,0,0,0,0,811595.56,.25,4,.0030606,.1278999,-5.6522932,0,0,1,0,0,0,0,0,0,40.799999,6.1999998,30.599998,2721,463,1958,180.7,26.5,137.2,4049,545,3170,11403,1941,8334,6,-4.9351091,2.819479,8,.0024484801,699920,.002786,.002964,.0043441001,.0114644,.0034814,.0029758001,.0093647996,.0030606,.0024953,.0028969001,.0042932001,.015281,.0065608998,.0065155998,.0047817999,.0046224999,.0031709999,.0076138,.0060434001,.0036849,.0034117,.0027703999,.0038918999,.0035292001,.0058952998,0,0,0,-1.1342260e-10,-3.4443098e-11,-2.9440964e-11,-9.2650283e-11,9.8631814e-09,0,0,0,0,0,0,0,0,0,0,0,0,0,0,0,0,0,256559.2,443360.81,.29324403,.30000001
Cx-5,Mazda,Mazda Motor Corporation,2014,1046000,2,150,6.2,215,403,SUV,?,24953,1,0,0,0,0,970315.38,.25,5,.0024953,.1278999,-5.8564954,0,0,0,1,0,0,0,0,0,40.799999,0,36.799999,2721,0,2421,180.7,-1.9073487e-07,168.3,4049,0,3619,11403,0,10597,8,-5.4911299,3.3727825,9,.0019962401,836800,.002786,.002964,.0043441001,.0114644,.0034814,.0029758001,.0093647996,.0030606,.0024953,.0028969001,.0042932001,.015281,.0065608998,.0065155998,.0047817999,.0046224999,.0031709999,.0076138,.0060434001,.0036849,.0034117,.0027703999,.0038918999,.0035292001,.0058952998,0,0,0,0,0,0,0,0,8.0459888e-09,0,0,0,0,0,0,0,0,0,0,0,0,0,0,0,0,248103.77,588696.25,.2371929,.30000001
Outlander,Mitsubishi,Mitshubishi Group,2014,999000,2,146,7.5,215,591,SUV,?,28969,1,0,0,0,0,926716.13,.25,6,.0028969001,.1278999,-5.707263,0,0,0,0,1,0,0,0,0,40.799999,0,36.799999,2721,0,2429,180.7,0,165.7,4049,0,3619,11403,0,10221,9,-5.5594664,3.2199359,10,.0023175201,799200,.002786,.002964,.0043441001,.0114644,.0034814,.0029758001,.0093647996,.0030606,.0024953,.0028969001,.0042932001,.015281,.0065608998,.0065155998,.0047817999,.0046224999,.0031709999,.0076138,.0060434001,.0036849,.0034117,.0027703999,.0038918999,.0035292001,.0058952998,0,0,0,0,0,0,0,0,0,9.3371701e-09,0,0,0,0,0,0,0,0,0,0,0,0,0,0,0,248203.69,550996.31,.24845214,.30000001
4x4,Lada,Renault Group,2014,394500,1.7,83,9.9,205,265,SUV,Russia,42932,1,0,0,0,1,365955.47,0,7,.0042932001,.1278999,-5.3138719,0,0,0,0,0,1,0,0,0,40.799999,13.5,23.9,2721,827,1728,180.7,63.699997,97.199997,4049,1480,2159,11403,4100,6773,7,-5.4896865,1.2697557,11,.0042932001,394500,.002786,.002964,.0043441001,.0114644,.0034814,.0029758001,.0093647996,.0030606,.0024953,.0028969001,.0042932001,.015281,.0065608998,.0065155998,.0047817999,.0046224999,.0031709999,.0076138,.0060434001,.0036849,.0034117,.0027703999,.0038918999,.0035292001,.0058952998,0,0,0,0,0,0,0,0,0,0,1.3818290e-08,-2.1206774e-10,-9.1051312e-11,-9.0422649e-11,-6.6361194e-11,-6.4150456e-11,-4.4006725e-11,-1.0566333e-10,-8.3869522e-11,-5.1138562e-11,0,0,0,0,0,329794.25,64705.75,.83598036,0
Granta,Lada,Renault Group,2014,289000,1.6,82,7.4,160,520,sedan,Russia,152810,0,0,1,0,1,268089.06,0,7,.015281,.1278999,-4.0442939,0,0,0,0,0,1,0,0,0,40.799999,13.599999,24,2721,828,1729,180.7,66.199997,99.699997,4049,1525,2204,11403,3845,6518,7,-4.7846932,.91992378,12,.015281,289000,.002786,.002964,.0043441001,.0114644,.0034814,.0029758001,.0093647996,.0030606,.0024953,.0028969001,.0042932001,.015281,.0065608998,.0065155998,.0047817999,.0046224999,.0031709999,.0076138,.0060434001,.0036849,.0034117,.0027703999,.0038918999,.0035292001,.0058952998,0,0,0,0,0,0,0,0,0,0,-2.1206774e-10,4.8641368e-08,-3.2408345e-10,-3.2184583e-10,-2.3620270e-10,-2.2833389e-10,-1.5663532e-10,-3.7609271e-10,-2.9852096e-10,-1.8202002e-10,0,0,0,0,0,329794.25,-40794.25,1.1411566,0
Kalina,Lada,Renault Group,2014,355600,1.6,87,7,145,355,universal,Russia,65609,0,0,0,1,1,329870.13,0,7,.0065608998,.1278999,-4.8897762,0,0,0,0,0,1,0,0,0,40.799999,13.599999,24,2721,823,1724,180.7,66.599998,100.1,4049,1540,2219,11403,4010,6683,7,-5.1041441,1.1419437,13,.0065608998,355600,.002786,.002964,.0043441001,.0114644,.0034814,.0029758001,.0093647996,.0030606,.0024953,.0028969001,.0042932001,.015281,.0065608998,.0065155998,.0047817999,.0046224999,.0031709999,.0076138,.0060434001,.0036849,.0034117,.0027703999,.0038918999,.0035292001,.0058952998,0,0,0,0,0,0,0,0,0,0,-9.1051312e-11,-3.2408345e-10,2.1069118e-08,-1.3818455e-10,-1.0141367e-10,-9.8035191e-11,-6.7251399e-11,-1.6147547e-10,-1.2817002e-10,-7.8150326e-11,0,0,0,0,0,329794.22,25805.781,.92743033,0
Largus,Lada,Renault Group,2014,444000,1.6,84,8.199999999999999,145,560,universal,Russia,65156,0,0,0,1,1,411873.84,0,7,.0065155998,.1278999,-4.8967052,0,0,0,0,0,1,0,0,0,40.799999,13.599999,24,2721,826,1727,180.7,65.400002,98.900002,4049,1540,2219,11403,3805,6478,7,-5.1611876,1.425889,14,.0065155998,444000,.002786,.002964,.0043441001,.0114644,.0034814,.0029758001,.0093647996,.0030606,.0024953,.0028969001,.0042932001,.015281,.0065608998,.0065155998,.0047817999,.0046224999,.0031709999,.0076138,.0060434001,.0036849,.0034117,.0027703999,.0038918999,.0035292001,.0058952998,0,0,0,0,0,0,0,0,0,0,-9.0422649e-11,-3.2184583e-10,-1.3818455e-10,2.0924599e-08,-1.0071345e-10,-9.7358302e-11,-6.6787062e-11,-1.6036056e-10,-1.2728506e-10,-7.7610737e-11,0,0,0,0,0,329794.25,114205.75,.74277985,0
Priora,Lada,Renault Group,2014,449000,1.6,98,6.9,165,430,sedan,Russia,47818,0,0,1,0,1,416512.06,0,7,.0047817999,.1278999,-5.2060871,0,0,0,0,0,1,0,0,0,40.799999,13.599999,24,2721,812,1713,180.7,66.699997,100.2,4049,1520,2199,11403,3935,6608,7,-4.9070773,1.4444627,15,.0047817999,449000,.002786,.002964,.0043441001,.0114644,.0034814,.0029758001,.0093647996,.0030606,.0024953,.0028969001,.0042932001,.015281,.0065608998,.0065155998,.0047817999,.0046224999,.0031709999,.0076138,.0060434001,.0036849,.0034117,.0027703999,.0038918999,.0035292001,.0058952998,0,0,0,0,0,0,0,0,0,0,-6.6361194e-11,-2.3620270e-10,-1.0141367e-10,-1.0071345e-10,1.5383366e-08,-7.1451275e-11,-4.9015035e-11,-1.1768864e-10,-9.3414526e-11,-5.6958532e-11,0,0,0,0,0,329794.25,119205.75,.73450834,0
Almera,Nissan,Renault Group,2014,626000,1.6,102,7.2,160,500,sedan,Russia,46225,0,0,1,0,1,580705,0,7,.0046224999,.1278999,-5.2399688,0,0,0,0,0,1,0,0,0,40.799999,13.599999,24,2721,808,1709,180.7,66.400002,99.900002,4049,1525,2204,11403,3865,6538,10,-5.2406735,2.0142057,16,.0046224999,626000,.002786,.002964,.0043441001,.0114644,.0034814,.0029758001,.0093647996,.0030606,.0024953,.0028969001,.0042932001,.015281,.0065608998,.0065155998,.0047817999,.0046224999,.0031709999,.0076138,.0060434001,.0036849,.0034117,.0027703999,.0038918999,.0035292001,.0058952998,0,0,0,0,0,0,0,0,0,0,-6.4150456e-11,-2.2833389e-10,-9.8035191e-11,-9.7358302e-11,-7.1451275e-11,1.4873269e-08,-4.7382157e-11,-1.1376798e-10,-9.0302536e-11,-5.5061025e-11,0,0,0,0,0,329794.25,296205.75,.52682787,0
Qashqai,Nissan,Renault Group,2014,989000,1.2,115,6.2,190,430,SUV,GB,31710,1,0,0,0,0,917439.69,.25,7,.0031709999,.1278999,-5.6168571,0,0,0,0,0,1,0,0,0,40.799999,14,24.4,2721,795,1696,180.7,67.400002,100.9,4049,1495,2174,11403,3935,6608,10,-5.8736191,3.1868281,17,.0025368,791200,.002786,.002964,.0043441001,.0114644,.0034814,.0029758001,.0093647996,.0030606,.0024953,.0028969001,.0042932001,.015281,.0065608998,.0065155998,.0047817999,.0046224999,.0031709999,.0076138,.0060434001,.0036849,.0034117,.0027703999,.0038918999,.0035292001,.0058952998,0,0,0,0,0,0,0,0,0,0,-4.4006725e-11,-1.5663532e-10,-6.7251399e-11,-6.6787062e-11,-4.9015035e-11,-4.7382157e-11,1.0217827e-08,-7.8043974e-11,-6.1946857e-11,-3.7771446e-11,0,0,0,0,0,267923.09,523276.91,.27090302,.30000001
Duster,Renault,Renault Group,2014,584000,1.6,102,7.6,205,475,SUV,Russia,76138,1,0,0,0,1,541744,0,7,.0076138,.1278999,-4.740942,0,0,0,0,0,1,0,0,0,40.799999,13.599999,24,2721,808,1709,180.7,66,99.5,4049,1480,2159,11403,3890,6563,12,-5.0888271,1.8734204,18,.0076138,584000,.002786,.002964,.0043441001,.0114644,.0034814,.0029758001,.0093647996,.0030606,.0024953,.0028969001,.0042932001,.015281,.0065608998,.0065155998,.0047817999,.0046224999,.0031709999,.0076138,.0060434001,.0036849,.0034117,.0027703999,.0038918999,.0035292001,.0058952998,0,0,0,0,0,0,0,0,0,0,-1.0566333e-10,-3.7609271e-10,-1.6147547e-10,-1.6036056e-10,-1.1768864e-10,-1.1376798e-10,-7.8043974e-11,2.4424399e-08,-1.4873888e-10,-9.0691975e-11,0,0,0,0,0,329794.22,254205.78,.5647161,0
Logan,Renault,Renault Group,2014,534000,1.6,82,7.2,155,510,sedan,Russia,60434,0,0,1,0,1,495361.78,0,7,.0060434001,.1278999,-4.9719377,0,0,0,0,0,1,0,0,0,40.799999,13.599999,24,2721,828,1729,180.7,66.400002,99.900002,4049,1530,2209,11403,3855,6528,12,-5.6002817,1.7157356,19,.0060434001,534000,.002786,.002964,.0043441001,.0114644,.0034814,.0029758001,.0093647996,.0030606,.0024953,.0028969001,.0042932001,.015281,.0065608998,.0065155998,.0047817999,.0046224999,.0031709999,.0076138,.0060434001,.0036849,.0034117,.0027703999,.0038918999,.0035292001,.0058952998,0,0,0,0,0,0,0,0,0,0,-8.3869522e-11,-2.9852096e-10,-1.2817002e-10,-1.2728506e-10,-9.3414526e-11,-9.0302536e-11,-6.1946857e-11,-1.4873888e-10,1.9417373e-08,-7.1986118e-11,0,0,0,0,0,329794.25,204205.75,.61759222,0
Sandero,Renault,Renault Group,2014,419000,1.1,75,6,155,320,hatchback,Russia,36849,0,1,0,0,1,388682.75,0,7,.0036849,.1278999,-5.466661,0,0,0,0,0,1,0,0,0,40.799999,14.099999,24.5,2721,835,1736,180.7,67.599998,101.1,4049,1530,2209,11403,4045,6718,12,-5.2586203,1.3494364,20,.0036849,419000,.002786,.002964,.0043441001,.0114644,.0034814,.0029758001,.0093647996,.0030606,.0024953,.0028969001,.0042932001,.015281,.0065608998,.0065155998,.0047817999,.0046224999,.0031709999,.0076138,.0060434001,.0036849,.0034117,.0027703999,.0038918999,.0035292001,.0058952998,0,0,0,0,0,0,0,0,0,0,-5.1138562e-11,-1.8202002e-10,-7.8150326e-11,-7.7610737e-11,-5.6958532e-11,-5.5061025e-11,-3.7771446e-11,-9.0691975e-11,-7.1986118e-11,1.1867633e-08,0,0,0,0,0,329794.25,89205.75,.78709847,0
Camry,Toyota,Toyota Group,2014,969000,2,148,8.300000000000001,160,506,sedan,Russia,34117,0,0,1,0,1,898886.81,0,9,.0034117,.1278999,-5.5436935,0,0,0,0,0,0,1,0,0,40.799999,3.3000002,33.5,2721,245,2180,180.7,13.3,150.8,4049,347,3382,11403,958,9433,14,-4.6267867,3.1216288,21,.0034117,969000,.002786,.002964,.0043441001,.0114644,.0034814,.0029758001,.0093647996,.0030606,.0024953,.0028969001,.0042932001,.015281,.0065608998,.0065155998,.0047817999,.0046224999,.0031709999,.0076138,.0060434001,.0036849,.0034117,.0027703999,.0038918999,.0035292001,.0058952998,0,0,0,0,0,0,0,0,0,0,0,0,0,0,0,0,0,0,0,0,1.0990775e-08,-3.0553081e-11,-4.2921430e-11,0,0,312087.63,656912.38,.32207185,0
Corolla,Toyota,Toyota Group,2014,891000,1.3,99,5.6,150,452,sedan,Turkey,27704,0,0,1,0,0,826530.63,.25,9,.0027703999,.1278999,-5.7519126,0,0,0,0,0,0,1,0,0,40.799999,4,34.200001,2721,294,2229,180.7,16,153.5,4049,357,3392,11403,1012,9487,14,-5.6417255,2.8721991,22,.00221632,712800,.002786,.002964,.0043441001,.0114644,.0034814,.0029758001,.0093647996,.0030606,.0024953,.0028969001,.0042932001,.015281,.0065608998,.0065155998,.0047817999,.0046224999,.0031709999,.0076138,.0060434001,.0036849,.0034117,.0027703999,.0038918999,.0035292001,.0058952998,0,0,0,0,0,0,0,0,0,0,0,0,0,0,0,0,0,0,0,0,-3.0553081e-11,8.9305727e-09,-3.4853453e-11,0,0,250216.45,462583.56,.28082654,.30000001
Rav 4,Toyota,Toyota Group,2014,1288000,2,146,7.7,197,506,SUV,Japan,38919,1,0,0,0,0,1194805.3,.25,9,.0038918999,.1278999,-5.4120069,0,0,0,0,0,0,1,0,0,40.799999,3.3000002,33.5,2721,247,2182,180.7,13.900001,151.39999,4049,310,3345,11403,958,9433,14,-5.9057765,4.1472864,23,.0031135199,1030400,.002786,.002964,.0043441001,.0114644,.0034814,.0029758001,.0093647996,.0030606,.0024953,.0028969001,.0042932001,.015281,.0065608998,.0065155998,.0047817999,.0046224999,.0031709999,.0076138,.0060434001,.0036849,.0034117,.0027703999,.0038918999,.0035292001,.0058952998,0,0,0,0,0,0,0,0,0,0,0,0,0,0,0,0,0,0,0,0,-4.2921430e-11,-3.4853453e-11,1.2531695e-08,0,0,250216.44,780183.56,.19426742,.30000001
Octavia a7,Skoda,Volkswagen AG,2014,816000,1.6,110,6.4,155,568,hatchback,Russia,35292,0,1,0,0,1,756957.31,0,11,.0035292001,.1278999,-5.5098329,0,0,0,0,0,0,0,0,1,40.799999,1.6,36,2721,105,2396,180.7,6.4000001,161.5,4049,70,3669,11403,460,9807,13,-5.2846918,2.6284301,24,.0035292001,816000,.002786,.002964,.0043441001,.0114644,.0034814,.0029758001,.0093647996,.0030606,.0024953,.0028969001,.0042932001,.015281,.0065608998,.0065155998,.0047817999,.0046224999,.0031709999,.0076138,.0060434001,.0036849,.0034117,.0027703999,.0038918999,.0035292001,.0058952998,0,0,0,0,0,0,0,0,0,0,0,0,0,0,0,0,0,0,0,0,0,0,0,1.1367960e-08,-6.7254889e-11,312299.09,503700.91,.38271949,0
Polo,Volkswagen,Volkswagen AG,2014,610500,1.6,105,6.4,70,460,sedan,Russia,58953,0,0,1,0,1,566326.5,0,11,.0058952998,.1278999,-4.9967489,0,0,0,0,0,0,0,0,1,40.799999,1.6,36,2721,110,2401,180.7,6.4000001,161.5,4049,155,3754,11403,568,9915,16,-5.0387173,1.9618214,25,.0058952998,610500,.002786,.002964,.0043441001,.0114644,.0034814,.0029758001,.0093647996,.0030606,.0024953,.0028969001,.0042932001,.015281,.0065608998,.0065155998,.0047817999,.0046224999,.0031709999,.0076138,.0060434001,.0036849,.0034117,.0027703999,.0038918999,.0035292001,.0058952998,0,0,0,0,0,0,0,0,0,0,0,0,0,0,0,0,0,0,0,0,0,0,0,-6.7254889e-11,1.8944350e-08,312299.09,298200.91,.51154643,0
Niva,Chevrolet,General Motors,2015,519000,1.7,80,10.8,200,320,SUV,Russia,31367,1,0,0,0,1,416656.97,0,2,.0031367,.095033899,-5.6647263,0,1,0,0,0,0,0,0,0,43,4.7683717e-08,39.599998,2756,0,2596,187,1.9073487e-07,165.39999,4183,0,3783,12551,0,11911,1,-5.4813461,1.6724173,1,.0031367,519000,.0031367,.0115868,.0019086,.0019268,.0097097,.0020751001,.0017681,.0016294,.0023643,.0035312001,.0120182,.0035869,.0038982001,.0028506999,.0025977001,.0020502,.0043922998,.0041311001,.0030221001,.0030135999,.0027101999,.0019950001,.0021373001,.0024546999,.0045389999,1.0107652e-08,0,0,0,0,0,0,0,0,0,0,0,0,0,0,0,0,0,0,0,0,0,0,0,0,310329.25,208670.75,.59793687,0
Solaris,Hyundai,Hyundai Motor,2015,593900,1.4,107,5.9,160,470,sedan,Russia,115868,0,0,1,0,1,476787.22,0,4,.0115868,.095033899,-4.3580308,0,0,1,0,0,0,0,0,0,43,6.7999997,33.400002,2756,506,2036,187,29.1,146.10001,4183,552,3311,12551,2035,9576,5,-4.8314104,1.8975514,2,.0115868,593900,.0031367,.0115868,.0019086,.0019268,.0097097,.0020751001,.0017681,.0016294,.0023643,.0035312001,.0120182,.0035869,.0038982001,.0028506999,.0025977001,.0020502,.0043922998,.0041311001,.0030221001,.0030135999,.0027101999,.0019950001,.0021373001,.0024546999,.0045389999,0,3.7020623e-08,-7.1485859e-11,-7.2167529e-11,-3.6367295e-10,-7.7722051e-11,0,0,0,0,0,0,0,0,0,0,0,0,0,0,0,0,0,0,0,317631.97,276268.03,.53482401,0
ix35,Hyundai,Hyundai Motor,2015,1079900,2,149,8.6,75,591,SUV,Slovakia,19086,1,0,0,0,0,866951.5,.25,4,.0019086,.095033899,-6.1615276,0,0,1,0,0,0,0,0,0,43,6.1999998,32.799999,2756,464,1994,187,26.4,143.39999,4183,637,3396,12551,1914,9455,5,-5.6850414,3.4841394,3,.00152688,863920,.0031367,.0115868,.0019086,.0019268,.0097097,.0020751001,.0017681,.0016294,.0023643,.0035312001,.0120182,.0035869,.0038982001,.0028506999,.0025977001,.0020502,.0043922998,.0041311001,.0030221001,.0030135999,.0027101999,.0019950001,.0021373001,.0024546999,.0045389999,0,-7.1485859e-11,6.1578187e-09,-1.1887574e-11,-5.9904907e-11,-1.2802526e-11,0,0,0,0,0,0,0,0,0,0,0,0,0,0,0,0,0,0,0,255760.8,608159.19,.23683748,.30000001
Cee'd,Kia,Hyundai Motor,2015,729900,1.4,100,6.1,150,380,hatchback,?,19268,0,1,0,0,0,585969.06,.25,4,.0019268,.095033899,-6.1520367,0,0,1,0,0,0,0,0,0,43,6.7999997,33.400002,2756,513,2043,187,28.9,145.89999,4183,562,3321,12551,2125,9666,6,-5.8569803,2.3548727,4,.00154144,583920,.0031367,.0115868,.0019086,.0019268,.0097097,.0020751001,.0017681,.0016294,.0023643,.0035312001,.0120182,.0035869,.0038982001,.0028506999,.0025977001,.0020502,.0043922998,.0041311001,.0030221001,.0030135999,.0027101999,.0019950001,.0021373001,.0024546999,.0045389999,0,-7.2167529e-11,-1.1887574e-11,6.2164252e-09,-6.0476152e-11,-1.2924608e-11,0,0,0,0,0,0,0,0,0,0,0,0,0,0,0,0,0,0,0,255760.8,328159.19,.35040525,.30000001
